
Fitness: 0.4443509246890662, Pop_size: 100, Generations: 10000
TP: 0.75, COP: 0.75 MP: 0.125,CP: 0.5, CR: 0.01
Chromosome: [ 1.70067687  1.70083248  1.84691328 -0.90491994  0.14767694  0.13427954] 
 
